   6.70510009E-02
   9.27970037E-02
  0.128200993    
  0.161844999    
  0.214254007    
  0.272018999    
  0.362996995    
  0.412209988    
  0.497204006    
  0.597543955    
  0.746989965    
  0.830085993    
  0.965464950    
   1.16754901    
   1.28043795    
   1.46011698    
   1.62262201    
   1.84092903    
   2.10524011    
   2.36366105    
   2.56622601    
   2.86464286    
   3.15658784    
   3.54573298    
   3.84368801    
   4.27756691    
   4.57339716    
   5.11393213    
   5.50659084    
   6.03672123    
   6.50051165    
   7.10121298    
   7.83984804    
   8.74710751    
   9.14085960    
   12.0966692    
   10.5396767    
   12.0764141    
   11.9933805    
   14.0698624    
   15.3592863    
   16.6073055    
   17.1928234    
   19.5318298    
   25.2964344    
   21.6653214    
   23.1014366    
   26.8294735    
   31.0073624    
   36.8155251    
   34.3123398    
   33.2099686    
   35.4496002    
   37.9748268    
   46.0698090    
   50.1510925    
   55.7344322    
   73.9865799    
   79.8239899    
   66.4081497    
   70.7667084    
   54.8099365    
   60.0266342    
   60.8610268    
   64.7995148    
   67.8719788    
   71.0853043    
   71.8840485    
   74.9129868    
   78.0202789    
   82.5320969    
   86.4348755    
   90.2615814    
   93.7980042    
   97.5903168    
   101.559265    
   105.949593    
   121.736862    
   119.640755    
   119.226250    
   123.462593    
   128.727341    
   133.608307    
   138.188034    
   143.118332    
   152.209396    
   198.281860    
   196.714813    
   196.351120    
   180.897751    
   178.805496    
   188.909760    
   191.313232    
   192.651016    
   210.911819    
   207.952118    
   209.928360    
   224.414917    
   224.573990    
   230.530594    
