   1.27100002E-03
   1.63199997E-03
   1.94999995E-03
   2.50599999E-03
   3.03100003E-03
   3.61399981E-03
   4.10400005E-03
   5.03499992E-03
   5.76800015E-03
   6.96199993E-03
   9.66999959E-03
   1.08310003E-02
   1.37289995E-02
   1.98539998E-02
   1.57869998E-02
   1.71639994E-02
   1.96349993E-02
   2.19599996E-02
   2.37259995E-02
   2.66479999E-02
   2.97299996E-02
   3.19539979E-02
   3.56569998E-02
   3.67910005E-02
   4.05250005E-02
   4.43820022E-02
   4.76659983E-02
   5.06899990E-02
   6.27629980E-02
   6.92079961E-02
   7.17789978E-02
   8.02489966E-02
   8.23469982E-02
   9.06440020E-02
   9.87119973E-02
  0.102583997    
  0.121368997    
  0.117561996    
  0.118830994    
  0.128206998    
  0.135789007    
  0.142692998    
  0.156456992    
  0.150362000    
  0.184314996    
  0.179887995    
  0.205605000    
  0.220650986    
  0.239543006    
  0.272673011    
  0.248991996    
  0.248022988    
  0.286368996    
  0.328110009    
  0.353816003    
  0.369621992    
  0.363815010    
  0.523539007    
  0.441314995    
  0.720340014    
  0.415619999    
  0.390852988    
  0.392286986    
  0.411207020    
  0.485851020    
  0.559877992    
  0.519529045    
  0.504525006    
  0.554033995    
  0.564329982    
  0.593379974    
  0.645568013    
  0.613599002    
  0.649416029    
  0.719403028    
  0.776984036    
  0.796050012    
  0.787724972    
  0.808878005    
  0.825353026    
  0.857295990    
  0.841556013    
  0.884716988    
  0.925128043    
   1.11660302    
   1.20070708    
   1.14134490    
   1.21976411    
   1.23901093    
   1.11577201    
   1.33580399    
   1.23534691    
   1.18451297    
   1.39834607    
   1.35583198    
   1.30296993    
   1.28940606    
   1.50009000    
   1.35218310    
   1.41437590    
