   6.84100017E-02
   9.49139968E-02
  0.134186000    
  0.168294996    
  0.222352996    
  0.284565985    
  0.369563997    
  0.432269007    
  0.519524992    
  0.639154971    
  0.740626991    
  0.867170036    
   1.07385707    
   1.20012093    
   1.37116802    
   1.51851201    
   1.71357799    
   1.97521400    
   2.22765684    
   2.50024605    
   2.73808193    
   3.09968400    
   3.47601318    
   3.78936911    
   4.28787088    
   4.70575809    
   5.43864489    
   5.76231098    
   6.65623140    
   7.37325001    
   8.30236149    
   9.74447441    
   10.2807026    
   12.0785255    
   14.4409647    
   13.3917599    
   14.8100967    
   16.7240944    
   16.7880135    
   20.1751556    
   21.2102451    
   21.9974232    
   23.4904671    
   26.3539906    
   27.3643303    
   29.3349838    
   33.7818451    
   34.9961967    
   39.9116096    
   45.7926102    
   42.2455673    
   45.1881943    
   46.7186966    
   58.5869598    
   57.6442146    
   65.8949509    
   85.1463394    
   94.9271011    
   76.8643112    
   83.0666046    
   73.4070511    
   70.3355942    
   82.9425812    
   69.2381287    
   88.0739899    
   88.6584091    
   91.9809723    
   94.9104538    
   98.1863022    
   102.633881    
   107.640610    
   112.351311    
   117.186378    
   122.710312    
   127.811745    
   131.894409    
   139.656479    
   140.215912    
   128.707413    
   150.796494    
   154.824051    
   163.088898    
   172.578125    
   178.059921    
   184.725616    
   188.549255    
   196.538879    
   206.264374    
   210.686554    
   220.975113    
   226.106216    
   237.512543    
   240.447449    
   247.284744    
   253.259491    
   255.877960    
   263.687653    
   269.656952    
   280.480743    
   286.916382    
